-2.5 -2. 35. 50. 0.954 0.003
-2. -1.6 35. 50. 0.946 0.004
-1.6 -1.4 35. 50. 1.00 1.00
-1.4 -0.8 35. 50. 0.949 0.004
-0.8 0.0 35. 50. 0.955 0.005
0.0 0.8 35. 50. 0.958 0.005
0.8 1.4 35. 50. 0.952 0.004
1.4 1.6 35. 50. 1.00 1.00
1.6 2.0 35. 50. 0.945 0.004
2.0 2.5 35. 50. 0.933 0.003
-2.5 -2. 50. 100. 0.957 0.010
-2. -1.6 50. 100. 0.957 0.009
-1.6 -1.4 50. 100. 1.00 1.00
-1.4 -0.8 50. 100. 0.949 0.007
-0.8 0.0 50. 100. 0.953 0.012
0.0 0.8	50. 100. 0.952 0.012
0.8 1.4	50. 100. 0.959 0.007
1.4 1.6	50. 100. 1.00 1.00
1.6 2.0	50. 100. 0.953 0.006 
2.0 2.5	50. 100. 0.933 0.010
-2.5 -2. 100. 200. 0.995 0.017
-2. -1.6 100. 200. 0.978 0.009
-1.6 -1.4 100. 200. 1.00 1.00
-1.4 -0.8 100. 200. 0.980 0.011
-0.8 0.0 100. 200. 0.971 0.008
0.0 0.8	100. 200. 0.978 0.008
0.8 1.4	100. 200. 0.984 0.011
1.4 1.6	100. 200. 1.00 1.00
1.6 2.0	100. 200. 0.963 0.010
2.0 2.5	100. 200. 0.955 0.017
-2.5 -2. 200. 3000. 0.897 0.062
-2. -1.6 200. 3000. 1.008 0.040
-1.6 -1.4 200. 3000. 1.00 1.00
-1.4 -0.8 200. 3000. 0.967 0.026
-0.8 0.0 200. 3000. 0.992 0.020
0.0 0.8	200. 3000. 0.995 0.020
0.8 1.4	200. 3000. 0.972 0.026
1.4 1.6	200. 3000. 1.00 1.00
1.6 2.0	200. 3000. 1.013 0.041
2.0 2.5 200. 3000. 0.973 0.062
