1   0.0348867  

 2   0.0334618  

 3   0.0320949  

 4   0.0307843  

 5   0.0295282  

 6   0.0283249  

 7   0.0271728  

 8   0.0260701  

 9   0.0250153  

   10   0.0240068  

   11   0.0230431  

   12   0.0221226  

   13   0.0212440  

   14   0.0204058  

   15   0.0196067  

   16   0.0188452  

   17   0.0181201  

   18   0.0174302  

   19   0.0167741  

   20   0.0161508  

   21   0.0155589  

   22   0.0149976  

   23   0.0144655  

   24   0.0139618  

   25   0.0134854  

   26   0.0130353  

   27   0.0126106  

   28   0.0122105  

   29   0.0118340  

   30   0.0114804  

   31   0.0111489  

   32   0.0108387  

   33   0.0105491  

   34   0.0102795  

   35   0.0100292  

   36   0.0097977  

   37   0.0095844  

   38   0.0093888  

   39   0.0092103  

   40   0.0090487  

   41   0.0089034  

   42   0.0087741  

   43   0.0086605  

   44   0.0085622  

   45   0.0084791  

   46   0.0084109  

   47   0.0083575  

   48   0.0083187  

   49   0.0082943  

   50   0.0082844  

   51   0.0082890  

   52   0.0083079  

   53   0.0083413  

   54   0.0083893  

   55   0.0084520  

   56   0.0085296  

   57   0.0086221  

   58   0.0087300  

   59   0.0088534  

   60   0.0089927  

   61   0.0091483  

   62   0.0093204  

   63   0.0095096  

   64   0.0097163  

   65   0.0099410  

   66   0.0101842  

   67   0.0104465  

   68   0.0107286  

   69   0.0110310  

   70   0.0113546  

   71   0.0116999  

   72   0.0120678  

   73   0.0124590  

   74   0.0128744  

   75   0.0133150  

   76   0.0137815  

   77   0.0142749  

   78   0.0147963  

   79   0.0153466  

   80   0.0159270  

   81   0.0165385  

   82   0.0171823  

   83   0.0178595  

   84   0.0185713  

   85   0.0193191  

   86   0.0201041  

   87   0.0209276  

   88   0.0217910  

   89   0.0226957  

   90   0.0236432  

   91   0.0246348  

   92   0.0256722  

   93   0.0267569  

   94   0.0278905  

   95   0.0290746  

   96   0.0303108  

   97   0.0316009  

   98   0.0329467  

   99   0.0343498  

  100   0.0358122  

  101   0.0373356  

