-2.4 -2.0 30. 40. 0.876 0.003
-2.0 -1.6 30. 40. 0.899 0.005
-1.6 -1.4 30. 40. 0.853 0.015
-1.4 -0.9 30. 40. 0.884 0.002
-0.9 0.0 30. 40. 0.927 0.002
0.0 0.9 30. 40. 0.921 0.002
0.9 1.4 30. 40. 0.877 0.002
1.4 1.6 30. 40. 0.873 0.015
1.6 2.0 30. 40. 0.896 0.005
2.0 2.4 30. 40. 0.873 0.003
-2.4 -2.0 40. 50. 0.996	0.003
-2.0 -1.6 40. 50. 0.974	0.002
-1.6 -1.4 40. 50. 0.975	0.007
-1.4 -0.9 40. 50. 0.959	0.002
-0.9 0.0 40. 50. 0.961 0.002
0.0 0.9	40. 50.	0.948 0.002
0.9 1.4	40. 50. 0.955 0.002
1.4 1.6	40. 50.	0.956 0.007
1.6 2.0	40. 50.	0.973 0.002
2.0 2.4	40. 50.	0.998 0.003
-2.4 -2.0 50. 100. 0.994 0.003
-2.0 -1.6 50. 100. 0.983 0.004
-1.6 -1.4 50. 100. 0.988 0.016
-1.4 -0.9 50. 100. 0.967 0.002
-0.9 0.0 50. 100. 0.962 0.002
0.0 0.9	50. 100. 0.949 0.002
0.9 1.4	50. 100. 0.966 0.002
1.4 1.6	50. 100. 0.974 0.016
1.6 2.0	50. 100. 0.983 0.004
2.0 2.4	50. 100. 0.993 0.003
-2.4 -2.0 100. 200. 0.992 0.011
-2.0 -1.6 100. 200. 0.987 0.007
-1.6 -1.4 100. 200. 0.976 0.023
-1.4 -0.9 100. 200. 0.983 0.005
-0.9 0.0 100. 200. 0.981 0.004
0.0 0.9 100. 200. 0.971 0.004
0.9 1.4 100. 200. 0.977 0.005
1.4 1.6 100. 200. 1.059 0.024
1.6 2.0 100. 200. 0.992 0.007
2.0 2.4 100. 200. 0.994 0.011
-2.4 -2.0 200. 3000. 1.042 0.043
-2.0 -1.6 200. 3000. 0.985 0.020
-1.6 -1.4 200. 3000. 0.959 0.082
-1.4 -0.9 200. 3000. 0.986 0.045
-0.9 0.0 200. 3000. 0.985 0.008
0.0 0.9 200. 3000. 0.975 0.009
0.9 1.4 200. 3000. 0.980 0.044
1.4 1.6 200. 3000. 1.059 0.082
1.6 2.0 200. 3000. 0.998 0.021
2.0 2.4 200. 3000. 1.013 0.045
