-2.5 -2.0 30. 45. 0.987 0
-2.0 -1.6 30. 45. 0.987 0
-1.6 -1.4 30. 45. 0.986 0
-1.4 -1.0 30. 45. 0.988 0
-1.0 -0.5 30. 45. 0.992 0
-0.5 0.0 30. 45. 0.990 0
0.0 0.5 30. 45. 0.997 0
0.5 1.0 30. 45. 0.999 0
1.0 1.4 30. 45. 0.988 0
1.4 1.6 30. 45. 0.973 0
1.6 2.0 30. 45. 0.988 0
2.0 2.5 30. 45. 0.984 0
-2.5 -2.0 45. 75. 0.988	0
-2.0 -1.6 45. 75. 0.989	0
-1.6 -1.4 45. 75. 0.968	0
-1.4 -1.0 45. 75. 0.990	0
-1.0 -0.5 45. 75. 0.990	0
-0.5 0.0 45. 75. 0.990 0
0.0 0.5	45. 75.	0.997 0
0.5 1.0	45. 75.	0.998 0
1.0 1.4	45. 75.	0.990 0    
1.4 1.6	45. 75.	0.970 0
1.6 2.0	45. 75.	0.991 0
2.0 2.5	45. 75.	0.988 0
-2.5 -2.0 75. 100. 1.002 0
-2.0 -1.6 75. 100. 1.018 0
-1.6 -1.4 75. 100. 1.044 0
-1.4 -1.0 75. 100. 1.008 0
-1.0 -0.5 75. 100. 1.008 0
-0.5 0.0 75. 100. 1.003 0
0.0 0.5 75. 100. 1.022 0
0.5 1.0 75. 100. 1.019 0
1.0 1.4 75. 100. 1.010 0
1.4 1.6 75. 100. 1.035 0
1.6 2.0 75. 100. 1.010 0
2.0 2.5 75. 100. 1.007 0
-2.5 -2.0 100. 3000. 1.002 0
-2.0 -1.6 100. 3000. 1.018 0
-1.6 -1.4 100. 3000. 1.044 0
-1.4 -1.0 100. 3000. 1.008 0
-1.0 -0.5 100. 3000. 1.008 0
-0.5 0.0 100. 3000. 1.003 0
0.0 0.5 100. 3000. 1.022 0
0.5 1.0 100. 3000. 1.019 0
1.0 1.4 100. 3000. 1.010 0
1.4 1.6 100. 3000. 1.035 0
1.6 2.0 100. 3000. 1.010 0
2.0 2.5 100. 3000. 1.007 0
