0 0.9     0   30    0.972    0.000
0.9 1.2   0   30    0.952    0.001
1.2 2.1   0   30    1.006    0.002   
2.1 2.4   0   30    0.966    0.001
0 0.9     30  40    0.979    0.000
0.9 1.2	  30  40    0.969    0.000
1.2 2.1	  30  40    1.008    0.001
2.1 2.4	  30  40    0.992    0.002
0 0.9     40  50    0.980    0.000
0.9 1.2   40  50    0.972    0.000
1.2 2.1   40  50    1.007    0.000
2.1 2.4   40  50    1.003    0.001
0 0.9     50  60    0.980    0.000
0.9 1.2   50  60    0.972    0.000
1.2 2.1   50  60    1.005    0.000
2.1 2.4   50  60    1.005    0.001
0 0.9     60  120   0.979    0.001
0.9 1.2   60  120   0.968    0.000
1.2 2.1   60  120   1.003    0.000
2.1 2.4   60  120   1.004    0.002
0 0.9     120 200   0.976    0.001
0.9 1.2   120 200   0.965    0.004
1.2 2.1   120 200   0.998    0.002
2.1 2.4   120 200   1.009    0.003
