0 0.9     0   30    0.974    0.000
0.9 1.2   0   30    0.965    0.001
1.2 2.1   0   30    1.006    0.002   
2.1 2.4   0   30    0.979    0.002
0 0.9     30  40    0.979    0.000
0.9 1.2	  30  40    0.974    0.000
1.2 2.1	  30  40    1.006    0.001
2.1 2.4	  30  40    1.001    0.001
0 0.9     40  50    0.980    0.000
0.9 1.2   40  50    0.975    0.000
1.2 2.1   40  50    1.004    0.000
2.1 2.4   40  50    1.012    0.001
0 0.9     50  60    0.979    0.000
0.9 1.2   50  60    0.975    0.000
1.2 2.1   50  60    1.003    0.000
2.1 2.4   50  60    1.006    0.001
0 0.9     60  120   0.979    0.000
0.9 1.2   60  120   0.971    0.000
1.2 2.1   60  120   1.001    0.000
2.1 2.4   60  120   1.016    0.000
0 0.9     120 200   0.981    0.002
0.9 1.2   120 200   0.972    0.003
1.2 2.1   120 200   1.005    0.002
2.1 2.4   120 200   1.018    0.006
